 Gene	ID	Pro_Directed_Psites
 MKI67	P46013	308,328,347,357,401,411,543,579,584,761,1017,1071,1091,1111,1131,1139,1253,1261,1298,1315,1335,1355,1376,1383,1503,1540,1679,1719,1747,1784,1801,1841,1861,1869,1897,1906,1923,1963,1983,2065,2085,2105,2113,2203,2223,2231,2259,2268,2285,2325,2344,2352,2389,2406,2426,2446,2466,2528,2588,2708,2828,3128
 NPM1	P06748	10,70,95,125,199,219,234,237
 NUP53	Q8NFH5	22,25,48,66,73,100,106,121,129,138,151,259,265,273,280,308
 NUP98	P52948	612,623,670,839,934,934,1028,1060,1070,1329,1772
 COIL	P38432	105,122,303,456,489,566
 NPAT	Q14207	207,775,779,1100,1151,1270,1350
 PML	P29590	8,36,38,403,505,518,527,530,867
 TP53	P04637	315,392,392
 HIRA	P54198	549,555,586,661,687
 TP53BP1	Q12888	265,294,366,380,429,464,500,525,552,630,727,922,1028,1056,1094,1101,1114,1362,1372,1426,1430,1462,1609,1635,1638,1648,1656,1678,1701
 RIF1	Q5UIP0	402,409,782,1162,1236,1238,1616,2144,2161,2172,2176,2196,2260,2393,2465